Yearly average PM25 concentrations (Micrograms/cubic meter (LC)) from 1997 to 2016
25
State
County
Site
Longitute
Latitude
PM25_1997,
PM25_1998,
PM25_1999,
PM25_2000,
PM25_2001,
PM25_2002,
PM25_2003,
PM25_2004,
PM25_2005,
PM25_2006,
PM25_2007,
PM25_2008,
PM25_2009,
PM25_2010,
PM25_2011,
PM25_2012,
PM25_2013,
PM25_2014,
PM25_2015,
PM25_2016,
           6            1            7  -121.784217    37.687526        -9999        -9999      31.5125    12.513953    13.793548    14.808333     9.555789     11.10625     9.621505    10.426316    10.037079    11.192308     10.26619     8.575714     9.831034        -9999        -9999        -9999        -9999        -9999 
           6            1            9  -122.169935    37.743065        -9999        -9999        -9999        -9999        -9999        -9999        -9999        -9999        -9999        -9999       10.445     9.319149     9.111475        -9999        -9999        -9999        -9999        -9999        -9999        -9999 
           6            1         1001  -121.961823    37.535833        -9999        -9999    15.242105    11.543333    12.878723   15.9839475    8.0332745    10.053191     9.427174    10.638043     9.333333     9.285393         8.66        -9999        -9999        -9999        -9999        -9999        -9999        -9999 
           6            7            2  -121.843286    39.757371        -9999           48    15.854545    15.966667    13.118644     15.04918    10.459016    14.934426    12.442623    13.377049    10.691667    11.496296     9.896667     7.987931    12.003279      8.43125        -9999        -9999        -9999        -9999 
           6            7            8   -121.84162    39.761538        -9999        -9999        -9999        -9999        -9999        -9999        -9999        -9999        -9999        -9999        -9999        -9999        -9999        -9999        -9999     7.407692     9.997179     8.807407     9.169578     6.494196 
           6            9            1  -120.681567    38.201852        -9999        -9999           11     8.984127     7.967213          9.9     8.639344     7.606557     7.016667     8.639344     7.775862     6.867241     6.091667     4.883333        -9999        -9999        -9999        -9999        -9999        -9999 
           6           11         1002  -122.017728    39.202935        -9999    17.333333    13.541176       8.1875     9.561983    11.726316     8.008403     7.319328     6.982906     8.049587     6.586207      8.75098     6.950943     5.033333      7.02963     7.172881     7.048148     7.184746     8.407273        6.065 
           6           13            2  -122.026154    37.936013        -9999        -9999     16.06055   12.2417465   12.9353115    15.183176   10.4782945   12.7002705   10.1811225   10.1511395     9.097906     8.933449     9.044069    7.3785015     8.238586     6.609962        -9999        -9999        -9999        -9999 
           6           17           11  -119.970609    38.944979        -9999        -9999     8.198276     7.750202    7.8260925    7.1705655     7.147541    10.333333        -9999        -9999        -9999        -9999        -9999        -9999        -9999        -9999        -9999        -9999        -9999        -9999 
           6           17           12  -120.033084     38.81161        -9999        -9999        -9999     3.754098     3.445378            1        -9999        -9999        -9999        -9999        -9999        -9999        -9999        -9999        -9999        -9999        -9999        -9999        -9999        -9999 
           6           19            8   -119.77319    36.781333        -9999        -9999   24.7388815    23.563802    19.193202   22.7462635   17.4994585    17.032769    17.238942    18.376624   17.9769005    16.309077   15.0408725    12.787411    15.768908   38.5804165        -9999        -9999        -9999        -9999 
           6           19           11  -119.774174    36.785322        -9999        -9999        -9999        -9999        -9999        -9999        -9999        -9999        -9999        -9999        -9999        -9999        -9999        -9999        -9999    14.247826    16.893175    14.913913    14.456173    10.609244 
           6           19         5001  -119.717356    36.819111        -9999        -9999    22.206098    17.218571    20.784337    17.852326    20.785294    18.686517    17.646341    18.170455    20.028571     16.55122    12.842105        -9999        -9999       17.528    16.791566    13.756881    12.851613    10.045122 
           6           19         5025     -119.733     36.72639        -9999        -9999        -9999    21.075325    21.314118     24.60989    20.158242    19.348315    19.585393      19.8625     20.25122     17.87093    16.157955    14.734884    17.001235    14.216279    17.660674    13.830435    13.969828         11.1 
           6           23         1002    -124.1621     40.80178        -9999        -9999     8.956897     9.268966     9.206897     7.794915     8.326923     8.215517     8.766667     8.136145         8.24     7.733333     7.308791     5.824719     6.568421     5.814815     7.397701        -9999        -9999        -9999 
           6           23         1004    -124.1775    40.776944        -9999        -9999        -9999        -9999        -9999        -9999        -9999        -9999        -9999         13.4       7.8625     8.354118      7.81236     5.983908     7.010256     6.175904     10.66087     5.570909     5.883898     5.894915 
           6           23         1005   -124.20139     40.71528        -9999        -9999        -9999        -9999        -9999        -9999        -9999        -9999        -9999        -9999        -9999        -9999        -9999        -9999        -9999        -9999     4.496552     3.053097      4.75124      3.72069 
           6           25            3  -115.533333    32.978333        -9999        -9999    13.089231    12.635526    10.137363    10.143529       10.423        -9999        -9999        -9999        -9999        -9999        -9999        -9999        -9999        -9999        -9999        -9999        -9999        -9999 
           6           25            5  -115.484144    32.676186        -9999        -9999    15.011429    16.582301    15.237624     15.11913    13.278302      11.6625    13.502083    12.381818    12.980342    10.151087   13.3349205   12.2211615   12.6767545    14.316123   13.4554025    13.657726   10.7854235     11.75673 
           6           25            7   -115.53917     32.97833        -9999        -9999        -9999        -9999        -9999        -9999        -9999     8.943434     8.938462            8     7.681443     8.233913     8.056604     6.311111     6.889189     8.047899     7.237705     7.257851     6.551667    11.493478 
           6           25         1003   -115.56306     32.79222        -9999        -9999    11.954369     10.57907     8.876596     9.552174     9.198058     9.642857     9.448571     8.763063     8.495413     8.082407      7.97438     6.596522     6.861538     7.548305     7.051639     6.575833     6.257025      9.56087 
           6           27         1003  -117.871036    36.487823        -9999        -9999     6.291365    8.6180555     5.674758     8.294486     4.920986     5.116883     4.481132      4.87766     5.971367     5.989661     6.823853     5.189394    7.8892855     6.046875    8.5749005     7.927928     5.590909     5.258824 
           6           29           10  -119.015009    35.385574        -9999        -9999    30.781928    26.123077    24.232143    27.534066    22.382143    20.736782    21.614607    19.855814    23.345946    21.102667    16.840984        -9999        -9999        -9999        -9999      16.9075    16.410811    12.564557 
           6           29           11  -118.147294    35.050551        -9999        -9999     8.672727     7.721622     6.085321        7.894      6.51573      5.87619     5.785526     5.541176      6.27037     6.647273        5.175     4.690566     4.876364     5.248148        -9999        -9999        -9999        -9999 
           6           29           14  -119.041209    35.356092        -9999        -9999    26.604226   22.6252395   21.6182055   23.0052145   17.5678055    18.752668    18.041179   20.3048165   20.8211445   21.6670555    19.426279   13.6769295   16.3938235   12.7767385    19.607529    17.813752    16.325605   14.7235565 
           6           29           15   -117.67296     35.62109        -9999        -9999     8.620833     7.656044     6.702222     8.236538     5.921739     5.907292     6.660759     6.239623     6.291489     7.086207        5.715     5.094737     5.334783     5.271698      5.52037      4.65283     5.084906     5.482051 
           6           29           16  -118.999167    35.322928        -9999        -9999        -9999    20.820588    20.680702     23.65812    17.609483       16.466    19.986792    19.808911    21.470093    23.160784    22.338655    16.132692     14.60531    14.652101    21.062393    21.772727        18.03    13.603333 
           6           31            4  -119.566954     36.10218        -9999        -9999    16.331818    19.334328     21.96375    24.695181    18.110112    19.554217    20.137931    18.863636        21.92    17.647674    17.804651    14.578313        -9999    16.535714    17.782143    15.145794    35.754545    12.816049 
           6           33         3001   -122.92229      39.0327        -9999        -9999     4.314894     4.315789     4.238333     4.415517     4.485246     4.468333     4.828333     5.164516     3.408333     5.513559      3.42459      3.07541     3.518033     3.916667     3.868852     4.065574     2.984746     3.271739 
           6           37            2   -117.92391      34.1365        -9999        -9999    25.188525    20.054054   13.5155845    16.898129    19.198408    18.405376    17.057534    15.501799    15.813699    14.213396    12.418421     11.02043    11.441525    10.794872    10.540833    12.146296     9.384034      9.27541 
           6           37         1002   -118.31712     34.17605        -9999        -9999    23.262264    23.738571    24.847009    23.969672    20.948913    19.231193    17.703774    16.498077    16.711224    13.929661    14.212346    12.450621    13.254206    12.153803     12.03971    11.779661        -9999        -9999 
           6           37         1103   -118.22688     34.06659        -9999        -9999    23.007353    22.018263   19.3628365   20.5703705        18.86   20.4984945   18.4588025   15.6887125    16.318677   16.1060165   14.8965645    12.161363    13.203143    12.611535   12.3301225    13.112371   12.3433065    11.707932 
           6           37         1201   -118.53276     34.19925        -9999        -9999     17.45493    18.100926    18.527523    18.854167    16.394783    15.574528    13.751923    12.944565    13.065263    11.768142    11.376364       10.166    10.216239    10.389091     9.625641     9.759375     8.740708     8.492857 
           6           37         1301   -118.21071     33.92899        -9999        -9999    24.125455    22.982645    24.506034    23.345082    20.200855     18.54087     17.64386    16.605607    15.854717    14.386735        -9999        -9999        -9999        -9999        -9999        -9999        -9999        -9999 
           6           37         1302     -118.205    33.901389        -9999        -9999        -9999        -9999        -9999        -9999        -9999        -9999        -9999        -9999        -9999    12.366667    14.692105    12.503604    12.906364    11.694783    11.697345    12.566667    11.911712    10.408621 
           6           37         1601   -118.06056     34.01407        -9999        -9999     25.61982    24.112069    25.450893    23.886441    20.581982     19.94537    15.934043        -9999        -9999        -9999        -9999        -9999        -9999        -9999        -9999        -9999        -9999        -9999 
           6           37         1602   -118.06995     34.01194        -9999        -9999        -9999        -9999        -9999        -9999        -9999        -9999    22.313793    16.642241    16.644554    15.004386    14.809322    12.495726    12.454386    11.861345    11.733333    12.235514    11.224786    11.209836 
           6           37         2005    -118.1272      34.1326        -9999        -9999    20.583158    19.310909    20.859091    20.290909    18.560909    16.631858    15.110619    13.345133    14.297222    12.840678    12.012963    10.135052    11.113402      10.2875    10.145313    11.215842     9.538136     9.062712 
           6           37         4002   -118.18921     33.82376        -9999        -9999    21.468919    19.164803    21.417666    19.471067    17.994753    17.634462    15.585185    14.038966    14.504518    14.195665    12.906707     10.55355        10.84    10.389685    11.232424    11.300312     10.78546    10.097714 
           6           37         4004   -118.17533     33.79236        -9999        -9999        -9999        -9999        -9999        -9999    21.237956     16.60367    14.630814    14.274375    13.704294    13.709169    12.427429    10.366382    10.792197    10.510294    10.896765    10.702273     10.15562     9.439773 
           6           37         4008  -118.200278    33.859444        -9999        -9999        -9999        -9999        -9999        -9999        -9999        -9999        -9999        -9999        -9999        -9999        -9999        -9999        -9999        -9999        -9999        -9999    12.603284    11.705263 
           6           37         9002  -118.131944        34.69        -9999        -9999    11.128319     10.50354    10.285714        -9999        -9999        -9999        -9999        -9999        -9999        -9999        -9999        -9999        -9999        -9999        -9999        -9999        -9999        -9999 
           6           37         9033  -118.131456    34.671394        -9999        -9999        -9999        -9999     8.833333    10.383178     9.383333     8.504505     8.815534     7.413793     7.728814         7.12         7.75     5.964912     7.027027     5.527778     5.848214      7.25614     5.158824        -9999 
           6           39         2010  -120.034203    36.953256        -9999        -9999        -9999        -9999        -9999        -9999        -9999        -9999        -9999        -9999        -9999        -9999        -9999        -9999        -9999        -9999        -9999    11.066038    11.730833    10.076087 
           6           45            6   -123.20655     39.15047        -9999        -9999    8.7249545    7.0508775    8.1087875    8.8491805      6.42327     6.959016     6.203279        6.875     4.716667     7.516667        -9999        -9999        -9999        -9999        -9999        -9999        -9999        -9999 
           6           47         2510  -120.480993    37.308537        -9999        -9999    29.457692     18.28642    16.753623    21.538202    17.581111    17.168966    16.008889    16.610227    17.673563    16.694872    15.193182    12.497619    11.467059    10.674713    16.198795    11.306796    12.712931      9.51125 
           6           49            1  -120.539167    41.483333        -9999        -9999        -9999      8.54386      7.73913            5          7.5        -9999        -9999        -9999        -9999        -9999        -9999        -9999        -9999        -9999        -9999        -9999        -9999        -9999 
           6           51            1   -118.96652     37.64571        -9999        -9999        -9999    18.642857    12.574468        -9999      7.39759     7.135593     8.142857        -9999        -9999        -9999        -9999        -9999        -9999        -9999        -9999        -9999        -9999        -9999 
           6           53         1002    -121.6325    36.697222        -9999        -9999     9.731633        -9999        -9999        -9999        -9999        -9999        -9999        -9999        -9999        -9999        -9999        -9999        -9999        -9999        -9999        -9999        -9999        -9999 
           6           53         1003  -121.637182     36.69676        -9999        -9999        -9999    7.6943685     8.646318     8.971367     6.516918         6.94     6.790323     7.074603        7.015     7.246818         5.66     4.537705     4.886441     4.354386     5.451724     4.823333     4.991667       5.0125 
           6           57            5  -121.056591    39.234331        -9999        -9999     7.423077     6.266667     5.816327         6.36     5.358491     4.821429     4.811321     5.967213     4.852542        -9999     4.494545     4.758696     4.259649         3.83     5.822807     4.291111         4.55     4.810256 
           6           57         1001  -120.171291    39.338504        -9999        -9999   10.5644925    8.2152155     8.076273    7.7224395     7.300117     7.202376     6.822456    6.3474575     5.993688    6.5381495     6.303814    5.3083605     5.204444     5.480702     8.497368          4.5    5.6192645     6.420988 
           6           59            1   -117.91427    33.821353        -9999        -9999   22.3005435    20.999634     18.74965        -9999        -9999        -9999        -9999        -9999        -9999        -9999        -9999        -9999        -9999        -9999        -9999        -9999        -9999        -9999 
           6           59            7   -117.93845     33.83062        -9999        -9999        -9999        -9999    27.262385    18.637607    17.347353    16.752978    14.672372    13.838535    14.415774    12.765789    11.711078    10.153776    10.953125    10.814409    10.101813     10.33961     9.592542     8.863842 
           6           59         2022   -117.67593     33.63003        -9999        -9999    16.707692    14.726891    15.764706    15.453782    13.065138    12.056757     10.60614    10.860377    11.204082      10.3675     9.451724     7.987069     8.456364     7.919512     8.095726     8.260377     7.041739     6.705172 
           6           61            6  -121.266312    38.745726        -9999           63    13.305085    12.271186         11.8         13.1     9.868852         9.35    10.067797    10.564516     8.388333     8.678182     8.532203     6.648333     8.462295     6.501667     7.431034     7.780328    8.2284485      6.46625 
           6           63         1006  -120.938821    39.937099        -9999        -9999    11.414286     9.113402     10.38835     8.724638     7.346939     8.493506     9.307018     8.826087    10.570435    11.073832     10.24087     7.024561    10.835043     9.514286     9.542718     9.005556     9.047706     7.539076 
           6           63         1008  -120.471667    39.791667        -9999        -9999     8.857143        -9999        -9999        -9999        -9999        -9999        -9999        -9999        -9999        -9999        -9999        -9999        -9999        -9999        -9999        -9999        -9999        -9999 
           6           63         1009  -120.471667    39.808333        -9999        -9999        -9999     9.688525    14.730769     16.87037    13.230088         11.6       10.704    10.551724   12.6006345   11.1864765     9.515238     9.605983    12.073684    13.081553     9.665957        -9999        -9999        -9999 
           6           63         1010   -120.47069     39.81336        -9999        -9999        -9999        -9999        -9999        -9999        -9999        -9999        -9999        -9999        -9999        -9999        -9999        -9999        -9999        -9999       14.412    15.595192   21.2656565   12.1316205 
           6           65            9  -117.088649    33.447867        -9999        -9999        -9999        -9999        -9999        -9999        -9999        -9999        -9999        -9999        -9999        -9999        -9999     7.013636     6.686111     6.604651     7.530769      6.25283     6.119048     6.431429 
           6           65         1003   -117.40063     33.94603        -9999        -9999    26.875455    25.445045    28.315094    27.098261    22.614655    20.793636    17.896364    16.919048    18.430303    13.289744    13.388596    11.072174    11.774107    11.308654    11.304274    11.030769        -9999        -9999 
           6           65         2002   -116.21537     33.70853        -9999        -9999    12.542169    11.225217    12.155752     9.596739    11.640517    10.253697   10.4344975      9.70799     9.701852    8.2816465     7.733159    6.7550645     6.732694    6.6066095     8.330508     8.152475      7.43617     7.255357 
           6           65         5001   -116.54101     33.85275        -9999        -9999        -9999        9.595    10.764486    10.036134     9.042342     8.974107      8.45303     7.828431     8.676923     6.984545     6.541071     5.997297     6.120175      6.58547     6.531624     6.512621     5.926852     5.237931 
           6           65         8001   -117.41601     33.99958        -9999        -9999    27.391632    28.220066    31.097538   29.2245385   22.4471345   21.6893115    20.317768    18.754291   19.0794455   16.6837795     16.10638   13.5587965     13.59699   12.7436555    12.697778    13.038474   11.1519125   11.5861895 
           6           65         8005  -117.493304    33.995638        -9999        -9999        -9999        -9999        -9999        -9999        -9999        -9999        -9999    20.781416    20.892727    18.161165    16.907895    15.199118    15.423324   14.8825465     14.05345   14.3467955   12.5230335   12.9708925 
           6           67            6  -121.368014    38.613779        -9999        -9999   15.4868755    11.973684    10.918008    14.742983    13.141141   13.1859605    12.582355    15.222874   13.3826165   12.3977195    10.956008    8.4589285   11.9398305     8.653256   10.6751675    8.3161045     9.817019    7.5125425 
           6           67           10  -121.492981    38.558228        -9999           56    15.861004     12.20303    11.634812    14.051205    11.513333    11.350993    10.976119    12.580645    12.028261     9.559483     9.489256     8.080992    10.074797     8.321849    10.111765     8.043902     9.598291       6.3025 
           6           67         4001  -121.458499    38.556326        -9999        -9999    20.039735    12.140625    10.021277     14.75974    12.878378    12.755365    12.100877    12.144681    12.812291    11.027193     9.639669     7.811207    10.075833     8.200826     8.666964     8.265854        9.625     6.573171 
           6           69            2  -121.362121    36.844096        -9999        -9999        -9999        -9999        -9999        -9999        -9999        -9999        -9999        -9999         6.25     6.936667     5.465574        -9999        -9999        -9999        -9999        -9999        -9999        -9999 
           6           71           14      -117.33      34.5125        -9999        -9999    11.858772        -9999        -9999        -9999        -9999        -9999        -9999        -9999        -9999        -9999        -9999        -9999        -9999        -9999        -9999        -9999        -9999        -9999 
           6           71           25 -117.6904445    34.037228        -9999        -9999    25.655208     24.20991    26.227434    25.236937    23.758475    20.859821    18.912727    18.313084    17.842157    15.815044    14.716667    13.019643    13.184746       12.405    11.886364        13.05        -9999        -9999 
           6           71           27   -117.61722    34.030833        -9999        -9999        -9999        -9999        -9999        -9999        -9999        -9999        -9999        -9999        -9999        -9999        -9999        -9999        -9999        -9999        -9999        -9999    14.275074    14.394186 
           6           71          306  -117.331433    34.510014        -9999        -9999        -9999   12.5632405   11.7029335    13.826221    11.092126   10.6346995     9.737847    10.368421     9.198595     8.644056     9.065678     7.408533     6.786337    6.7217265    6.8828375    7.8061225    6.4567945        -9999 
           6           71         2002   -117.49201     34.10002        -9999        -9999    25.842975    24.483929   35.5298245    24.615909    20.630909    19.980769    18.752294    17.490179    18.914019     15.20625    14.227966    11.932143    12.533028     12.46422    12.299174       12.847    10.511504   11.5135415 
           6           71         8001  -116.864444    34.264444        -9999        -9999    10.278351    10.479661    10.942105      11.2625    10.474545     9.532692    12.433333    12.504878    10.577778     9.224138     9.764286     7.635849     8.550909     8.280769     9.767797      6.92963     7.124561     6.510714 
           6           71         9004   -117.27411     34.10688        -9999        -9999    25.615385    25.219565    26.174775     25.72906    22.209244    22.007547    17.311927    17.538614    18.244444    13.346847    12.959091    11.171429    12.022772    11.762617    11.413636    11.280808    10.680909         9.75 
           6           73            1  -117.059075    32.631231        -9999        -9999    15.030097    13.126733     15.50367    13.891379    12.430088    12.154867     11.82521    11.220661       10.991    12.305128    11.447414     9.591089    10.001869    10.271429     9.490909     9.244538     8.409322     8.627778 
           6           73            3  -116.942092    32.791194        -9999        -9999    16.391589    15.347603    17.565231    15.338769    13.583553    13.233533    11.279635    11.376023    12.020213    13.366071        12.15    10.835345    10.572358    10.526957    10.696947       13.615        -9999        -9999 
           6           73            6  -117.128752    32.836461        -9999        -9999    13.965882    12.492079    13.502655    12.763063    10.510377    10.921296    10.122115    11.034286    10.023077     11.30495     10.55339       8.7375     8.969421     7.753968        -9999        -9999        -9999        -9999 
           6           73         1002  -117.075325    33.127711        -9999        -9999    17.616471     15.65082    17.580368    16.133016    14.098209    14.095467    12.143137    11.459885    11.800302    12.483178    11.028448    10.544144    10.391667    10.574167    10.556303     9.561157     8.709333        -9999 
           6           73         1007  -117.153975    32.709172        -9999        -9999    17.487197    15.878755    16.839117    15.544602    14.522078      13.8273    10.599438        -9999        -9999        -9999        -9999        -9999        -9999        -9999        -9999        -9999        -9999        -9999 
           6           73         1010  -117.149653    32.701492        -9999        -9999        -9999        -9999        -9999        -9999        -9999        -9999    15.644156    13.134561    11.675862    13.742813    11.779056    10.428438    10.885876    11.088663    10.355172    10.153561     9.329226     9.548325 
           6           73         1016  -117.123894    32.845467        -9999        -9999        -9999        -9999        -9999        -9999        -9999        -9999        -9999        -9999        -9999        -9999        -9999        -9999        -9999    8.7091665     8.657174      8.13196    7.7255465    7.8321145 
           6           73         1018  -116.968133    32.817978        -9999        -9999        -9999        -9999        -9999        -9999        -9999        -9999        -9999        -9999        -9999        -9999        -9999        -9999        -9999        -9999        -9999     8.607692     8.236449        7.538 
           6           73         1022  -116.944222    32.789561        -9999        -9999        -9999        -9999        -9999        -9999        -9999        -9999        -9999        -9999        -9999        -9999        -9999        -9999        -9999        -9999        -9999        -9999        -9999     9.776842 
           6           75            5  -122.399044    37.765946        -9999        -9999   15.4150835    13.288947    13.060513    15.309184    11.236869    11.535821    11.006436    10.491787      9.93814     9.911458     8.911864        -9999        -9999        -9999        -9999        -9999        -9999        -9999 
           6           77         1002  -121.268523    37.950741        -9999        -9999    19.913793    15.508197    13.894309    16.758065    13.707317    13.188525    12.508197    13.122951    12.701695    12.998246    11.316667     8.876786        -9999        -9999        -9999        -9999        -9999        -9999 
           6           79         2002  -120.654167    35.283889        -9999        -9999     8.181481         8.36     9.003704     8.513462     7.405085     6.808475     6.641026        -9999        -9999        -9999        -9999        -9999        -9999        -9999        -9999        -9999        -9999        -9999 
           6           79         2006  -120.669861    35.256577        -9999        -9999        -9999        -9999        -9999        -9999        -9999        -9999     7.223529     7.049153     6.744068     7.609091     6.152459     5.520339     4.264286        -9999        -9999        -9999        -9999        -9999 
           6           79         8001   -120.66804     35.49158        -9999        -9999    9.3914995   10.4206575    9.9672415    9.0367855        8.105       8.1775    7.2363955    8.5090595     7.940645    8.0038965    7.8422415     5.907857        -9999        -9999        -9999        -9999        -9999        -9999 
           6           81         1001   -122.20337    37.482934        -9999        -9999    14.119118    11.422516    13.372778       12.241     9.232979    10.046237     9.521739         10.1     9.004444     9.364444    8.8019565     7.907843     8.206667     7.335135        -9999        -9999        -9999        -9999 
           6           83           10  -119.701111    34.421389        -9999        -9999    14.986667    12.079545        -9999        -9999        -9999        -9999        -9999        -9999        -9999        -9999        -9999        -9999        -9999        -9999        -9999        -9999        -9999        -9999 
           6           83           11  -119.691218    34.427775        -9999        -9999        -9999        -9999        -9999        -9999     9.969643     10.92037    10.705769    10.110909     9.452542    10.367797         9.62     7.637931        -9999        -9999        -9999        -9999        -9999        -9999 
           6           83         1007  -120.434444    34.948056        -9999        -9999        -9999        8.025        -9999        -9999        -9999        -9999        -9999        -9999        -9999        -9999        -9999        -9999        -9999        -9999        -9999        -9999        -9999        -9999 
           6           83         1008   -120.43763    34.949147        -9999        -9999    11.109091     9.903774    10.401639     9.566667     8.548276     7.589655      8.19375     7.538596     7.842105     7.874545     6.959649     5.655172        -9999        -9999        -9999        -9999        -9999        -9999 
           6           85            2  -121.574684    36.999571        -9999        -9999        -9999        -9999        -9999        -9999        -9999        -9999        -9999        -9999        7.074     8.635537      7.60198        -9999        -9999        -9999        -9999        -9999        -9999        -9999 
           6           85            4  -121.888575    37.339666        -9999        -9999    18.938331    16.961798   13.5160915   13.1623035        -9999        -9999        -9999        -9999        -9999        -9999        -9999        -9999        -9999        -9999        -9999        -9999        -9999        -9999 
           6           85            5  -121.894898    37.348497        -9999        -9999        -9999        -9999        -9999    17.891358    13.403465    14.123113    13.834123    12.565366    12.210373    12.042194    10.975105     9.569903    10.931356     9.384746         10.6     9.252101    10.625641     7.955882 
           6           85         2003   -121.84885      37.3062        -9999        -9999     20.54386    15.634574    13.507778    13.590323    11.221026    12.211268    12.341346     9.872414        -9999        -9999        -9999        -9999        -9999        -9999        -9999        -9999        -9999        -9999 
           6           87            7  -121.989328    36.983921        -9999        -9999     9.205966     7.904167     9.093103     8.554098     7.425862     6.760714     7.390244     6.860656     6.337288     6.767213     5.695082        -9999        -9999        -9999        -9999        -9999        -9999        -9999 
           6           89            4  -122.382011    40.549985        -9999    31.333333    11.480769     9.472727     9.065574           11      7.52459     7.258621     7.316667     8.816667     5.564912        -9999     5.816667     4.630357     5.298214     5.981356     5.982143     5.212069     7.452632     4.805128 
           6           89         3004    -122.4031      40.6304        -9999        -9999        -9999        -9999        -9999    11.946296          9.8    33.583333     6.224324     7.803509     8.186957    19.458824     6.677966     6.252542     6.301887     6.498148     5.931481     6.790196        -9999        -9999 
           6           89         3005   -122.40179     40.69184        -9999        -9999        -9999        -9999        -9999      7.40339     5.210169     6.457143     4.983333     6.233333     4.764407    10.835897     4.050943     3.915254     4.030508        5.176     4.589583     3.964815        -9999        -9999 
           6           93         2001  -122.633579    41.726892        -9999        -9999        -9999        -9999        -9999        -9999        -9999        -9999     6.540541        -9999        -9999     7.452174     5.113559     4.501818     5.564516     5.738983     6.709091     7.568293     6.078846     4.053846 
           6           95            4  -122.237976    38.102507        -9999        -9999    18.521667    13.135556    13.901111     15.47732      9.92766    12.312245    10.706667    10.397895    10.917778    10.764677    11.099495     8.604891    12.709615        -9999        -9999        -9999        -9999        -9999 
           6           97            3  -122.710169    38.443503        -9999        -9999    13.944928     11.72809    11.783516    11.127957     9.470968     9.096739     8.449451     9.774468     8.266667     8.601099     7.413846        -9999        -9999        -9999        -9999        -9999        -9999        -9999 
           6           99            5  -120.994622    37.641583        -9999        -9999    25.034188    18.785124    15.685484       18.768    14.516393     13.57377    13.933884    14.877049    14.654237    14.670435    12.994958    11.221622        12.86    10.353571        13.49    11.641379    12.555172     7.809524 
           6          101            3  -121.618549    39.138773        -9999   44.6666665    16.128172   11.1289545   11.6159755    12.819581     9.289481    9.9896835     9.532164    11.457886    7.4511665     8.262126     7.922254     5.721981     7.980126     6.945198     8.200952     9.320382     9.660909     6.784746 
           6          107         2002  -119.291228    36.332179        -9999        -9999    27.418803    24.121739    20.863158    23.165289    18.159664    17.504274    18.692308    18.941176    20.213393    18.799083        16.12    13.631667    16.375893    14.763248    18.398291    17.862097    16.119231     12.30375 
           6          111            7  -118.870496    34.210154        -9999        -9999    12.822273    13.133233    14.422763   13.4246985    12.028438    10.514883   11.0086075    9.8282805   10.2376095    10.364754    10.549508    8.6344265     8.748916      7.28625     8.630508         8.04        -9999        -9999 
           6          111            9  -118.809946    34.404268        -9999        -9999        -9999    10.730769    13.058824    12.149573    10.955652     10.09009     9.331532        -9999      9.82093      9.69322     9.476667     8.577966     7.727119         4.46        -9999        -9999        -9999        -9999 
           6          111         2002  -118.683757    34.276362        -9999        -9999    13.788889    14.494118    14.876724    14.533333     13.29537     12.54569     11.13913    10.274783     11.64486    10.683193     10.27541     8.716529     8.768696     9.352542      8.99009     7.721951        -9999        -9999 
           6          111         3001  -119.143176    34.252378        -9999        -9999    12.059783    12.834906    13.074138    12.863158    11.094495    11.403448    10.518261     9.611966    10.178095    10.021008    10.219672        8.455      8.87479     8.830435     8.991803     8.338095        -9999        -9999 
           6          113         1003   -121.73269     38.66121        -9999        -9999    13.663265    10.206897    10.216216    10.580357     8.298246    10.301724     8.427273     9.305085     8.426966     8.815385     7.304688     5.676667     7.466102     6.470968     7.191228     5.885965     7.625424         5.68 